2408242475111028239;
2408242475371075088;
2408242475622733329;
2408242475765339666;
2408242475916334611;
2408242476092495380;
2408242476302210581;
2408242476495148566;
2408242476620977687;
2408242476864247320;
2408242477048796697;
2408242477241734682;
2408242477426284059;
2408242477635999260;
2408242477761828381;
2408242478021875230;
2408242478172870175;
2408242478315476512;
2408242478525191713;
2408242478659409442;
2408242478810404387;
2408242478911067684;
2408242479196280357;
2408242479414384166;
2408242479615710759;
2408242479766705704;
2408242479917700649;
2408242480320353834;
2408242480823670315;
2408242480974665260;
2408242481125660205;
2408242481259877934;
2408242481368929839;
2408242481494758960;
2408242481779971633;
2408242481922577970;
2408242482123904563;
2408242482308453940;
2408242482576889397;
2408242483029874230;
2408242483424138807;
2408242483835180600;
2408242483986175545;
2408242484078450234;
2408242484221056571;
2408242484330108476;
2408242484514657853;
2408242484657264190;
2408242484858590783;
2408242485043140160;
2408242485194135105;
2408242485336741442;
2408242485479347779;
2408242485613565508;
2408242485764560453;
2408242485957498438;
2408242486150436423;
2408242486301431368;
2408242486502757961;
2408242486704084554;
2408242486846690891;
2408242487039628876;
2408242487131903565;
2408242487232566862;
2408242487383561807;
2408242487492613712;
2408242487593277009;
2408242487853323858;
2408242488004318803;
2408242488348251732;
2408242488448915029;
2408242488599909974;
2408242488809625175;
2408242489002563160;
2408242489354884697;
2408242489497491034;
2408242489606542939;
2408242489715594844;
2408242489874978397;
2408242490059527774;
2408242490260854367;
2408242490420237920;
2408242490655118945;
2408242491007440482;
2408242491150046819;
2408242491259098724;